   1 1 2 BARRA------1   1.060    0.000     98.00      0.00     -9.00      9.00          0.000      0.000      0.000
   2 1 1 BARRA------2   1.045    0.000     80.00      0.00    -40.00     50.00         21.700     12.700      0.000
   3 0 0 BARRA------3   1.000    0.000      0.00      0.00      0.00      0.00          2.400      1.200      0.000
   4 0 0 BARRA------4   1.000    0.000      0.00      0.00      0.00      0.00          7.600      1.600      0.000
   5 1 1 BARRA------5   1.010    0.000     50.00      0.00    -40.00     40.00         94.200     19.000      0.000
   6 0 0 BARRA------6   1.000    0.000      0.00      0.00      0.00      0.00          0.000      0.000      0.000
   7 0 0 BARRA------7   1.000    0.000      0.00      0.00      0.00      0.00         22.800     10.900      0.000
   8 1 1 BARRA------8   1.010    0.000     20.00      0.00    -40.00     40.00         30.000     30.000      0.000
   9 0 0 BARRA------9   1.000    0.000      0.00      0.00      0.00      0.00          0.000      0.000      0.000
  10 0 0 BARRA-----10   1.000    0.000      0.00      0.00      0.00      0.00          5.800      2.000     19.000
  11 1 1 BARRA-----11   1.082    0.000     20.00      0.00     -6.00     24.00          0.000      0.000      0.000
  12 0 0 BARRA-----12   1.000    0.000      0.00      0.00      0.00      0.00         11.200      7.500      0.000
  13 1 1 BARRA-----13   1.071    0.000     20.00      0.00     -6.00     24.00          0.000      0.000      0.000
  14 0 0 BARRA-----14   1.000    0.000      0.00      0.00      0.00      0.00          6.200      1.600      0.000
  15 0 0 BARRA-----15   1.000    0.000      0.00      0.00      0.00      0.00          8.200      2.500      0.000
  16 0 0 BARRA-----16   1.000    0.000      0.00      0.00      0.00      0.00          3.500      1.800      0.000
  17 0 0 BARRA-----17   1.000    0.000      0.00      0.00      0.00      0.00          9.000      5.800      0.000
  18 0 0 BARRA-----18   1.000    0.000      0.00      0.00      0.00      0.00          3.200      0.900      0.000
  19 0 0 BARRA-----19   1.000    0.000      0.00      0.00      0.00      0.00          9.500      3.400      0.000
  20 0 0 BARRA-----20   1.000    0.000      0.00      0.00      0.00      0.00          2.200      0.700      0.000
  21 0 0 BARRA-----21   1.000    0.000      0.00      0.00      0.00      0.00         17.500     11.200      0.000
  22 0 0 BARRA-----22   1.000    0.000      0.00      0.00      0.00      0.00          0.000      0.000      0.000
  23 0 0 BARRA-----23   1.000    0.000      0.00      0.00      0.00      0.00          3.200      1.600      0.000
  24 0 0 BARRA-----24   1.000    0.000      0.00      0.00      0.00      0.00          8.700      6.700      4.300
  25 0 0 BARRA-----25   1.000    0.000      0.00      0.00      0.00      0.00          0.000      0.000      0.000
  26 0 0 BARRA-----26   1.000    0.000      0.00      0.00      0.00      0.00          3.500      2.300      0.000
  27 0 0 BARRA-----27   1.000    0.000      0.00      0.00      0.00      0.00          0.000      0.000      0.000
  28 0 0 BARRA-----28   1.000    0.000      0.00      0.00      0.00      0.00          0.000      0.000      0.000
  29 0 0 BARRA-----29   1.000    0.000      0.00      0.00      0.00      0.00          2.400      0.900      0.000
  30 0 0 BARRA-----30   1.000    0.000      0.00      0.00      0.00      0.00         10.600      1.900      0.000
9999
   1       2          1.920      5.750    5.280  0.000  0.000  0.000           130.000  130.000
   1       3          4.520     18.520    4.080  0.000  0.000  0.000           130.000  130.000
   2       4          5.700     17.370    3.680  0.000  0.000  0.000            65.000   65.000
   3       4          1.320      3.790    0.840  0.000  0.000  0.000           130.000  130.000
   2       5          4.720     19.830    4.180  0.000  0.000  0.000           130.000  130.000
   2       6          5.810     17.630    3.740  0.000  0.000  0.000            65.000   65.000
   4       6          1.190      4.140    0.900  0.000  0.000  0.000            90.000   90.000
   5       7          4.600     11.600    2.040  0.000  0.000  0.000            70.000   70.000
   6       7          2.670      8.200    1.700  0.000  0.000  0.000           130.000  130.000
   6       8          1.200      4.200    0.900  0.000  0.000  0.000            32.000   32.000
   6       9          0.000     20.800    0.000  0.978  0.900  1.100            65.000   65.000
   6      10          0.000     55.600    0.000  0.969  0.900  1.100            32.000   32.000
   9      11          0.001     20.800    0.000  0.000  0.000  0.000            65.000   65.000
   9      10          0.001     11.000    0.000  0.000  0.000  0.000            65.000   65.000
   4      12          0.000     25.600    0.000  0.932  0.900  1.100            65.000   65.000
  12      13          0.001     14.000    0.000  0.000  0.000  0.000            65.000   65.000
  12      14         12.310     25.590    0.000  0.000  0.000  0.000            32.000   32.000
  12      15          6.620     13.040    0.000  0.000  0.000  0.000            32.000   32.000
  12      16          9.450     19.870    0.000  0.000  0.000  0.000            32.000   32.000
  14      15         22.100     19.970    0.000  0.000  0.000  0.000            16.000   16.000
  16      17          8.240     19.230    0.000  0.000  0.000  0.000            16.000   16.000
  15      18         10.700     21.850    0.000  0.000  0.000  0.000            16.000   16.000
  18      19          6.390     12.920    0.000  0.000  0.000  0.000            16.000   16.000
  19      20          3.400      6.800    0.000  0.000  0.000  0.000            32.000   32.000
  10      20          9.360     20.900    0.000  0.000  0.000  0.000            32.000   32.000
  10      17          3.240      8.450    0.000  0.000  0.000  0.000            32.000   32.000
  10      21          3.480      7.490    0.000  0.000  0.000  0.000            32.000   32.000
  10      22          7.270     14.990    0.000  0.000  0.000  0.000            32.000   32.000
  21      22          1.160      2.360    0.000  0.000  0.000  0.000            32.000   32.000
  15      23         10.000     20.200    0.000  0.000  0.000  0.000            16.000   16.000
  22      24         11.500     17.900    0.000  0.000  0.000  0.000            16.000   16.000
  23      24         13.200     27.000    0.000  0.000  0.000  0.000            16.000   16.000
  24      25         18.850     32.920    0.000  0.000  0.000  0.000            16.000   16.000
  25      26         25.440     38.000    0.000  0.000  0.000  0.000            16.000   16.000
  25      27         10.930     20.870    0.000  0.000  0.000  0.000            16.000   16.000
  28      27          0.000     39.600    0.000  0.968  0.900  1.100            65.000   65.000
  27      29         21.980     41.530    0.000  0.000  0.000  0.000            16.000   16.000
  27      30         32.020     60.270    0.000  0.000  0.000  0.000            16.000   16.000
  29      30         23.990     45.330    0.000  0.000  0.000  0.000            16.000   16.000
   8      28          6.360     20.000    4.280  0.000  0.000  0.000            32.000   32.000
   6      28          1.690      5.990    1.300  0.000  0.000  0.000            32.000   32.000
9999
   1     1  0000  0000  0000  0000  0000  0000  0000  0000  0000
   1     2  0000  0000  0000  0000  0000  0000  0000  0000  0000
   1     4  0000  0000  0000  0000  0000  0000  0000  0000  0000
   1     5  0000  0000  0000  0000  0000  0000  0000  0000  0000
   1     7  0000  0000  0000  0000  0000  0000  0000  0000  0000
   1    33  0000  0000  0000  0000  0000  0000  0000  0000  0000
   1    35  0000  0000  0000  0000  0000  0000  0000  0000  0000
   1    37  0000  0000  0000  0000  0000  0000  0000  0000  0000
   1    27  0000  0000  0000  0000  0000  0000  0000  0000  0000
   1    38  0000  0000  0000  0000  0000  0000  0000  0000  0000
   1     9  0000  0000  0000  0000  0000  0000  0000  0000  0000
   1    10  0000  0000  0000  0000  0000  0000  0000  0000  0000
   1    12  0000  0000  0000  0000  0000  0000  0000  0000  0000
   1    14  0000  0000  0000  0000  0000  0000  0000  0000  0000
   1    15  0000  0000  0000  0000  0000  0000  0000  0000  0000
   1    17  0000  0000  0000  0000  0000  0000  0000  0000  0000
   1    18  0000  0000  0000  0000  0000  0000  0000  0000  0000
   1    19  0000  0000  0000  0000  0000  0000  0000  0000  0000
   1    20  0000  0000  0000  0000  0000  0000  0000  0000  0000
   1    21  0000  0000  0000  0000  0000  0000  0000  0000  0000
   1    23  0000  0000  0000  0000  0000  0000  0000  0000  0000
   1    24  0000  0000  0000  0000  0000  0000  0000  0000  0000
   1    25  0000  0000  0000  0000  0000  0000  0000  0000  0000
   1    26  0000  0000  0000  0000  0000  0000  0000  0000  0000
   1    27  0000  0000  0000  0000  0000  0000  0000  0000  0000
   1    28  0000  0000  0000  0000  0000  0000  0000  0000  0000
   1    29  0000  0000  0000  0000  0000  0000  0000  0000  0000
   1    30  0000  0000  0000  0000  0000  0000  0000  0000  0000
   1    32  0000  0000  0000  0000  0000  0000  0000  0000  0000
   1    36  0000  0000  0000  0000  0000  0000  0000  0000  0000
   1    39  0000  0000  0000  0000  0000  0000  0000  0000  0000
9999
