   1 0 2 BARRA------1   1.040    0.000    479.00      0.00      0.00      0.00         55.000     17.000      0.000
   2 0 1 BARRA------2   1.010    0.000      0.00      0.00      0.00      0.00          3.000     88.000      0.000
   3 0 1 BARRA------3   0.985    0.000     40.00      0.00      0.00      0.00         41.000     21.000      0.000
   4 0 0 BARRA------4   1.000    0.000      0.00      0.00      0.00      0.00          0.000      0.000      0.000
   5 0 0 BARRA------5   1.000    0.000      0.00      0.00      0.00      0.00         13.000      4.000      0.000
   6 0 1 BARRA------6   0.980    0.000      0.00      0.00      0.00      0.00         75.000      2.000      0.000
   7 0 0 BARRA------7   1.000    0.000      0.00      0.00      0.00      0.00          0.000      0.000      0.000
   8 0 1 BARRA------8   1.005    0.000    450.00      0.00      0.00      0.00        150.000     22.000      0.000
   9 0 1 BARRA------9   0.980    0.000      0.00      0.00      0.00      0.00        121.000     26.000      0.000
  10 0 0 BARRA-----10   1.000    0.000      0.00      0.00      0.00      0.00          5.000      2.000      0.000
  11 0 0 BARRA-----11   1.000    0.000      0.00      0.00      0.00      0.00          0.000      0.000      0.000
  12 0 1 BARRA-----12   1.015    0.000    310.00      0.00      0.00      0.00        377.000     24.000      0.000
  13 0 0 BARRA-----13   1.000    0.000      0.00      0.00      0.00      0.00         18.000      2.300      0.000
  14 0 0 BARRA-----14   1.000    0.000      0.00      0.00      0.00      0.00         10.500      5.300      0.000
  15 0 0 BARRA-----15   1.000    0.000      0.00      0.00      0.00      0.00         22.000      5.000      0.000
  16 0 0 BARRA-----16   1.000    0.000      0.00      0.00      0.00      0.00         43.000      3.000      0.000
  17 0 0 BARRA-----17   1.000    0.000      0.00      0.00      0.00      0.00         42.000      8.000      0.000
  18 0 0 BARRA-----18   1.000    0.000      0.00      0.00      0.00      0.00         27.200      9.800     10.000
  19 0 0 BARRA-----19   1.000    0.000      0.00      0.00      0.00      0.00          3.300      0.600      0.000
  20 0 0 BARRA-----20   1.000    0.000      0.00      0.00      0.00      0.00          2.300      1.000      0.000
  21 0 0 BARRA-----21   1.000    0.000      0.00      0.00      0.00      0.00          0.000      0.000      0.000
  22 0 0 BARRA-----22   1.000    0.000      0.00      0.00      0.00      0.00          0.000      0.000      0.000
  23 0 0 BARRA-----23   1.000    0.000      0.00      0.00      0.00      0.00          6.300      2.100      0.000
  24 0 0 BARRA-----24   1.000    0.000      0.00      0.00      0.00      0.00          0.000      0.000      0.000
  25 0 0 BARRA-----25   1.000    0.000      0.00      0.00      0.00      0.00          6.300      3.200      5.900
  26 0 0 BARRA-----26   1.000    0.000      0.00      0.00      0.00      0.00          0.000      0.000      0.000
  27 0 0 BARRA-----27   1.000    0.000      0.00      0.00      0.00      0.00          9.300      0.500      0.000
  28 0 0 BARRA-----28   1.000    0.000      0.00      0.00      0.00      0.00          4.600      2.300      0.000
  29 0 0 BARRA-----29   1.000    0.000      0.00      0.00      0.00      0.00         17.000      2.600      0.000
  30 0 0 BARRA-----30   1.000    0.000      0.00      0.00      0.00      0.00          3.600      1.800      0.000
  31 0 0 BARRA-----31   1.000    0.000      0.00      0.00      0.00      0.00          5.800      2.900      0.000
  32 0 0 BARRA-----32   1.000    0.000      0.00      0.00      0.00      0.00          1.600      0.800      0.000
  33 0 0 BARRA-----33   1.000    0.000      0.00      0.00      0.00      0.00          3.800      1.900      0.000
  34 0 0 BARRA-----34   1.000    0.000      0.00      0.00      0.00      0.00          0.000      0.000      0.000
  35 0 0 BARRA-----35   1.000    0.000      0.00      0.00      0.00      0.00          6.000      3.000      0.000
  36 0 0 BARRA-----36   1.000    0.000      0.00      0.00      0.00      0.00          0.000      0.000      0.000
  37 0 0 BARRA-----37   1.000    0.000      0.00      0.00      0.00      0.00          0.000      0.000      0.000
  38 0 0 BARRA-----38   1.000    0.000      0.00      0.00      0.00      0.00         14.000      7.000      0.000
  39 0 0 BARRA-----39   1.000    0.000      0.00      0.00      0.00      0.00          0.000      0.000      0.000
  40 0 0 BARRA-----40   1.000    0.000      0.00      0.00      0.00      0.00          0.000      0.000      0.000
  41 0 0 BARRA-----41   1.000    0.000      0.00      0.00      0.00      0.00          6.300      3.000      0.000
  42 0 0 BARRA-----42   1.000    0.000      0.00      0.00      0.00      0.00          7.100      4.400      0.000
  43 0 0 BARRA-----43   1.000    0.000      0.00      0.00      0.00      0.00          2.000      1.000      0.000
  44 0 0 BARRA-----44   1.000    0.000      0.00      0.00      0.00      0.00         12.000      1.800      0.000
  45 0 0 BARRA-----45   1.000    0.000      0.00      0.00      0.00      0.00          0.000      0.000      0.000
  46 0 0 BARRA-----46   1.000    0.000      0.00      0.00      0.00      0.00          0.000      0.000      0.000
  47 0 0 BARRA-----47   1.000    0.000      0.00      0.00      0.00      0.00         29.700     11.600      0.000
  48 0 0 BARRA-----48   1.000    0.000      0.00      0.00      0.00      0.00          0.000      0.000      0.000
  49 0 0 BARRA-----49   1.000    0.000      0.00      0.00      0.00      0.00         18.000      8.500      0.000
  50 0 0 BARRA-----50   1.000    0.000      0.00      0.00      0.00      0.00         21.000     10.500      0.000
  51 0 0 BARRA-----51   1.000    0.000      0.00      0.00      0.00      0.00         18.000      5.300      0.000
  52 0 0 BARRA-----52   1.000    0.000      0.00      0.00      0.00      0.00          4.900      2.200      0.000
  53 0 0 BARRA-----53   1.000    0.000      0.00      0.00      0.00      0.00         20.000     10.000      6.300
  54 0 0 BARRA-----54   1.000    0.000      0.00      0.00      0.00      0.00          4.100      1.400      0.000
  55 0 0 BARRA-----55   1.000    0.000      0.00      0.00      0.00      0.00          6.800      3.400      0.000
  56 0 0 BARRA-----56   1.000    0.000      0.00      0.00      0.00      0.00          7.600      2.200      0.000
  57 0 0 BARRA-----57   1.000    0.000      0.00      0.00      0.00      0.00          6.700      2.000      0.000
9999 
   1       2          0.830      2.800   12.900  1.000  0.000  0.000           400.000    0.000
   2       3          2.980      8.500    8.180  1.000  0.000  0.000           160.000    0.000
   3       4          1.120      3.660    3.800  1.000  0.000  0.000           300.000    0.000
   4       5          6.250     13.200    2.580  1.000  0.000  0.000            80.000    0.000
   4       6          4.300     14.800    3.480  1.000  0.000  0.000            80.000    0.000
   6       7          2.000     10.200    2.760  1.000  0.000  0.000           180.000    0.000
   6       8          3.390     17.300    4.700  1.000  0.000  0.000           180.000    0.000
   8       9          0.990      5.050    5.480  1.000  0.000  0.000           200.000    0.000
   9      10          3.690     16.790    4.400  1.000  0.000  0.000           100.000    0.000
   9      11          2.580      8.480    2.180  1.000  0.000  0.000           120.000    0.000
   9      12          6.480     29.500    7.720  1.000  0.000  0.000           100.000    0.000
   9      13          4.810     15.800    4.060  1.000  0.000  0.000           100.000    0.000
   1      15          1.780      9.100    9.880  1.000  0.000  0.000           120.000    0.000
   1      16          4.540     20.600    5.460  1.000  0.000  0.000           100.000    0.000
   1      17          2.380     10.800    2.860  1.000  0.000  0.000           100.000    0.000
   3      15          1.620      5.300    5.440  1.000  0.000  0.000           200.000    0.000
   4      18          0.000     55.500    0.000  0.970  0.000  0.000           100.000    0.000
   4      18          0.000     43.000    0.000  0.978  0.000  0.000           100.000    0.000
   5       6          3.020      6.410    1.240  1.000  0.000  0.000           160.000    0.000
   7       8          1.390      7.120    1.940  1.000  0.000  0.000           150.000    0.000
  10      12          2.770     12.620    3.280  1.000  0.000  0.000            80.000    0.000
  11      13          2.230      7.320    1.880  1.000  0.000  0.000           140.000    0.000
  12      13          1.780      5.800    6.040  1.000  0.000  0.000           180.000    0.000
  12      16          1.800      8.130    2.160  1.000  0.000  0.000           130.000    0.000
  12      17          3.970     17.900    4.760  1.000  0.000  0.000            80.000    0.000
  13      14          1.320      4.340    1.100  1.000  0.000  0.000           260.000    0.000
  13      15          2.690      8.690    2.300  1.000  0.000  0.000           120.000    0.000
  13      49          0.000     19.100    0.000  0.895  0.000  0.000            80.000    0.000
  14      15          1.710      5.470    1.480  1.000  0.000  0.000           200.000    0.000
  14      46          0.000      7.350    0.000  0.900  0.000  0.000           150.000    0.000
  15      45          0.000     10.420    0.000  0.955  0.000  0.000           100.000    0.000
  18      19         46.100     68.500    0.000  1.000  0.000  0.000           100.000    0.000
  19      20         28.300     43.400    0.000  1.000  0.000  0.000            80.000    0.000
  21      20          0.000     77.670    0.000  1.043  0.000  0.000            80.000    0.000
  21      22          7.360     11.700    0.000  1.000  0.000  0.000            90.000    0.000
  22      23          0.990      1.520    0.000  1.000  0.000  0.000           700.000    0.000
  23      24         16.600     25.600    0.840  1.000  0.000  0.000            80.000    0.000
  24      25          0.000    118.200    0.000  1.000  0.000  0.000            80.000    0.000
  24      25          0.000    123.000    0.000  1.000  0.000  0.000            90.000    0.000
  24      26          0.000      4.730    0.000  1.043  0.000  0.000           250.000    0.000
  26      27         16.500     25.400    0.000  1.000  0.000  0.000            50.000    0.000
  27      28          6.180      9.540    0.000  1.000  0.000  0.000           120.000    0.000
  28      29          4.180      5.870    0.000  1.000  0.000  0.000           200.000    0.000
   7      29          0.000      6.480    0.000  0.967  0.000  0.000           160.000    0.000
  25      30         13.500     20.200    0.000  1.000  0.000  0.000            60.000    0.000
  30      31         32.600     49.700    0.000  1.000  0.000  0.000            30.000    0.000
  31      32         50.700     75.500    0.000  1.000  0.000  0.000            20.000    0.000
  32      33          3.920      3.600    0.000  1.000  0.000  0.000           300.000    0.000
  34      32          0.000     95.300    0.000  0.975  0.000  0.000            30.000    0.000
  34      35          5.200      7.800    0.320  1.000  0.000  0.000           140.000    0.000
  35      36          4.300      5.370    0.160  1.000  0.000  0.000           200.000    0.000
  36      37          2.900      3.660    0.000  1.000  0.000  0.000           300.000    0.000
  37      38          6.510     10.090    0.200  1.000  0.000  0.000           100.000    0.000
  37      39          2.390      3.790    0.000  1.000  0.000  0.000           300.000    0.000
  36      40          3.000      4.660    0.000  1.000  0.000  0.000           250.000    0.000
  22      38          1.920      2.950    0.000  1.000  0.000  0.000           400.000    0.000
  11      41          0.000     74.900    0.000  0.955  0.000  0.000            80.000    0.000
  41      42         20.700     35.200    0.000  1.000  0.000  0.000           100.000    0.000
  41      43          0.000     41.200    0.000  1.000  0.000  0.000            80.000    0.000
  38      44          2.890      5.850    0.200  1.000  0.000  0.000           200.000    0.000
  46      47          2.300      6.800    0.320  1.000  0.000  0.000           160.000    0.000
  47      48          1.820      2.330    0.000  1.000  0.000  0.000           500.000    0.000
  48      49          8.340     12.900    0.480  1.000  0.000  0.000           130.000    0.000
  49      50          8.010     12.800    0.000  1.000  0.000  0.000           130.000    0.000
  50      51         13.860     22.000    0.000  1.000  0.000  0.000            80.000    0.000
  10      51          0.000      7.120    0.000  0.930  0.000  0.000           160.000    0.000
  29      52         14.420     18.700    0.000  1.000  0.000  0.000            80.000    0.000
  52      53          7.620      9.840    0.000  1.000  0.000  0.000           160.000    0.000
  53      54         18.780     23.200    0.000  1.000  0.000  0.000            60.000    0.000
  54      55         17.320     22.650    0.000  1.000  0.000  0.000            60.000    0.000
  11      43          0.000     15.300    0.000  0.958  0.000  0.000            80.000    0.000
  44      45          6.240     12.420    0.400  1.000  0.000  0.000            90.000    0.000
  40      56          0.000    119.500    0.000  0.958  0.000  0.000            80.000    0.000
  56      41         55.300     54.900    0.000  1.000  0.000  0.000            80.000    0.000
  56      42         21.250     35.400    0.000  1.000  0.000  0.000            80.000    0.000
  39      57          0.000    135.500    0.000  0.980  0.000  0.000            80.000    0.000
  57      56         17.400     26.000    0.000  1.000  0.000  0.000            80.000    0.000
  38      49         11.500     17.700    0.600  1.000  0.000  0.000           200.000    0.000
  38      48          3.120      4.820    0.000  1.000  0.000  0.000           400.000    0.000
   9      55          0.000     12.050    0.000  0.940  0.000  0.000           100.000    0.000
9999      
   1     7  0000  0000  0000  0000  0000  0000  0000  0000  0000
   1    14  0000  0000  0000  0000  0000  0000  0000  0000  0000
   1    38  0000  0000  0000  0000  0000  0000  0000  0000  0000
   1    11  0000  0000  0000  0000  0000  0000  0000  0000  0000
   1    57  0000  0000  0000  0000  0000  0000  0000  0000  0000
   1    17  0000  0000  0000  0000  0000  0000  0000  0000  0000
   1     1  0000  0000  0000  0000  0000  0000  0000  0000  0000
   1     3  0000  0000  0000  0000  0000  0000  0000  0000  0000
   1    25  0000  0000  0000  0000  0000  0000  0000  0000  0000
   1    34  0000  0000  0000  0000  0000  0000  0000  0000  0000
   1    56  0000  0000  0000  0000  0000  0000  0000  0000  0000
   1    80  0000  0000  0000  0000  0000  0000  0000  0000  0000
   1    79  0000  0000  0000  0000  0000  0000  0000  0000  0000
   1    55  0000  0000  0000  0000  0000  0000  0000  0000  0000
   1     2  0000  0000  0000  0000  0000  0000  0000  0000  0000
   1     3  0000  0000  0000  0000  0000  0000  0000  0000  0000
   1     5  0000  0000  0000  0000  0000  0000  0000  0000  0000
   1    33  0000  0000  0000  0000  0000  0000  0000  0000  0000
   1    44  0000  0000  0000  0000  0000  0000  0000  0000  0000
   1    15  0000  0000  0000  0000  0000  0000  0000  0000  0000
   1    16  0000  0000  0000  0000  0000  0000  0000  0000  0000
   1    17  0000  0000  0000  0000  0000  0000  0000  0000  0000
   1    24  0000  0000  0000  0000  0000  0000  0000  0000  0000
   1    10  0000  0000  0000  0000  0000  0000  0000  0000  0000
   1     8  0000  0000  0000  0000  0000  0000  0000  0000  0000
   1     3  0000  0000  0000  0000  0000  0000  0000  0000  0000
   1     4  0000  0000  0000  0000  0000  0000  0000  0000  0000
   1     9  0000  0000  0000  0000  0000  0000  0000  0000  0000
   1    19  0000  0000  0000  0000  0000  0000  0000  0000  0000
   1    13  0000  0000  0000  0000  0000  0000  0000  0000  0000
9999
