   1 1 1 BARRA------1   1.051    0.000      0.00      0.00      0.00      8.00         51.000     27.000      0.000
   2 0 0 BARRA------2   1.000    0.000      0.00      0.00      0.00      0.00         20.000      9.000      0.000
   3 0 0 BARRA------3   1.000    0.000      0.00      0.00      0.00      0.00         39.000     10.000      0.000
   4 0 1 BARRA------4   1.100    0.000    100.00     14.00   -100.00    300.00         39.000     12.000      0.000
   5 0 0 BARRA------5   1.000    0.000      0.00      0.00      0.00      0.00          0.000      0.000    -40.000
   6 0 1 BARRA------6   1.085    0.000      5.00     18.00     -5.00     30.00         52.000     22.000      0.000
   7 0 0 BARRA------7   1.000    0.000      0.00      0.00      0.00      0.00         19.000      2.000      0.000
   8 0 1 BARRA------8   1.055    0.000    100.00     -8.00   -100.00    300.00         28.000      0.000      0.000
   9 0 0 BARRA------9   1.000    0.000      0.00      0.00      0.00      0.00          0.000      0.000      0.000
  10 0 1 BARRA-----10   1.100    0.000    100.00    -71.00   -100.00    300.00          0.000      0.000      0.000
  11 0 0 BARRA-----11   1.000    0.000      0.00      0.00      0.00      0.00         70.000     23.000      0.000
  12 0 1 BARRA-----12   1.080    0.000     30.00     75.00    -30.00     75.00         47.000     10.000      0.000
  13 0 0 BARRA-----13   1.000    0.000      0.00      0.00      0.00      0.00         34.000     16.000      0.000
  14 0 0 BARRA-----14   1.000    0.000      0.00      0.00      0.00      0.00         14.000      1.000      0.000
  15 0 1 BARRA-----15   1.063    0.000      5.00      5.00     -5.00     23.00         90.000     30.000      0.000
  16 0 0 BARRA-----16   1.000    0.000      0.00      0.00      0.00      0.00         25.000     10.000      0.000
  17 0 0 BARRA-----17   1.000    0.000      0.00      0.00      0.00      0.00         11.000      3.000      0.000
  18 0 1 BARRA-----18   1.068    0.000      5.00     23.00     -5.00     23.00         60.000     34.000      0.000
  19 0 1 BARRA-----19   1.060    0.000      5.00     14.00     -5.00     15.00         45.000     25.000      0.000
  20 0 0 BARRA-----20   1.000    0.000      0.00      0.00      0.00      0.00         18.000      3.000      0.000
  21 0 0 BARRA-----21   1.000    0.000      0.00      0.00      0.00      0.00         14.000      8.000      0.000
  22 0 0 BARRA-----22   1.000    0.000      0.00      0.00      0.00      0.00         10.000      5.000      0.000
  23 0 0 BARRA-----23   1.000    0.000      0.00      0.00      0.00      0.00          7.000      3.000      0.000
  24 0 1 BARRA-----24   1.080    0.000    100.00     91.00   -100.00    300.00         13.000      0.000      0.000
  25 0 1 BARRA-----25   1.100    0.000    100.00     33.00   -100.00    300.00          0.000      0.000      0.000
  26 0 1 BARRA-----26   0.976    0.000    300.00   -118.00   -300.00    600.00          0.000      0.000      0.000
  27 0 1 BARRA-----27   1.095    0.000    100.00      9.00   -100.00    300.00         71.000     13.000      0.000
  28 0 0 BARRA-----28   1.000    0.000      0.00      0.00      0.00      0.00         17.000      7.000      0.000
  29 0 0 BARRA-----29   1.000    0.000      0.00      0.00      0.00      0.00         24.000      4.000      0.000
  30 0 0 BARRA-----30   1.000    0.000      0.00      0.00      0.00      0.00          0.000      0.000      0.000
  31 0 1 BARRA-----31   1.100    0.000    100.00     37.00   -100.00    300.00         43.000     27.000      0.000
  32 0 1 BARRA-----32   1.089    0.000      5.00     12.00     -5.00     23.00         59.000     23.000      0.000
  33 0 0 BARRA-----33   1.000    0.000      0.00      0.00      0.00      0.00         23.000      9.000      0.000
  34 0 1 BARRA-----34   1.049    0.000      5.00     15.00     -5.00     23.00         59.000     26.000     14.000
  35 0 0 BARRA-----35   1.000    0.000      0.00      0.00      0.00      0.00         33.000      9.000      0.000
  36 0 1 BARRA-----36   1.041    0.000      5.00     -5.00     -5.00     15.00         31.000     17.000      0.000
  37 0 0 BARRA-----37   1.000    0.000      0.00      0.00      0.00      0.00          0.000      0.000    -25.000
  38 0 0 BARRA-----38   1.000    0.000      0.00      0.00      0.00      0.00          0.000      0.000      0.000
  39 0 0 BARRA-----39   1.000    0.000      0.00      0.00      0.00      0.00         27.000     11.000      0.000
  40 0 1 BARRA-----40   0.965    0.000    101.70   -100.00   -100.00    300.00         66.000     23.000      0.000
  41 0 0 BARRA-----41   1.000    0.000      0.00      0.00      0.00      0.00         37.000     10.000      0.000
  42 0 1 BARRA-----42   1.005    0.000    106.60      9.00   -100.00    300.00         96.000     23.000      0.000
  43 0 0 BARRA-----43   1.000    0.000      0.00      0.00      0.00      0.00         18.000      7.000      0.000
  44 0 0 BARRA-----44   1.000    0.000      0.00      0.00      0.00      0.00         16.000      8.000     10.000
  45 0 0 BARRA-----45   1.000    0.000      0.00      0.00      0.00      0.00         53.000     22.000     10.000
  46 0 1 BARRA-----46   1.077    0.000    101.10     -6.00   -100.00    300.00         28.000     10.000     10.000
  47 0 0 BARRA-----47   1.000    0.000      0.00      0.00      0.00      0.00         34.000      0.000      0.000
  48 0 0 BARRA-----48   1.000    0.000      0.00      0.00      0.00      0.00         20.000     11.000     15.000
  49 0 1 BARRA-----49   1.077    0.000    100.00    139.00   -100.00    300.00         87.000     30.000      0.000
  50 0 0 BARRA-----50   1.000    0.000      0.00      0.00      0.00      0.00         17.000      4.000      0.000
  51 0 0 BARRA-----51   1.000    0.000      0.00      0.00      0.00      0.00         17.000      8.000      0.000
  52 0 0 BARRA-----52   1.000    0.000      0.00      0.00      0.00      0.00         18.000      5.000      0.000
  53 0 0 BARRA-----53   1.000    0.000      0.00      0.00      0.00      0.00         23.000     11.000      0.000
  54 0 1 BARRA-----54   1.100    0.000    109.40    148.00   -100.00    300.00        113.000     32.000      0.000
  55 0 1 BARRA-----55   1.091    0.000     15.00      5.00     -5.00     11.00         63.000     22.000      0.000
  56 0 1 BARRA-----56   1.093    0.000      7.20     -5.00     -5.00     11.00         84.000     18.000      0.000
  57 0 0 BARRA-----57   1.000    0.000      0.00      0.00      0.00      0.00         12.000      3.000      0.000
  58 0 0 BARRA-----58   1.000    0.000      0.00      0.00      0.00      0.00         12.000      3.000      0.000
  59 0 1 BARRA-----59   1.090    0.000    120.10     74.00   -100.00    300.00        277.000    113.000      0.000
  60 0 0 BARRA-----60   1.000    0.000      0.00      0.00      0.00      0.00         78.000      3.000      0.000
  61 0 1 BARRA-----61   0.998    0.000    205.00    -46.00   -100.00    300.00          0.000      0.000      0.000
  62 0 1 BARRA-----62   1.006    0.000     10.00      2.00      0.00      8.00         77.000     14.000      0.000
  63 0 0 BARRA-----63   1.000    0.000      0.00      0.00      0.00      0.00          0.000      0.000      0.000
  64 0 0 BARRA-----64   1.000    0.000      0.00      0.00      0.00      0.00          0.000      0.000      0.000
  65 0 1 BARRA-----65   1.068    0.000    100.00    114.00   -100.00    300.00          0.000      0.000      0.000
  66 0 1 BARRA-----66   1.064    0.000    100.00    -28.00   -100.00    300.00         39.000     18.000      0.000
  67 0 0 BARRA-----67   1.000    0.000      0.00      0.00      0.00      0.00         28.000      7.000      0.000
  68 0 0 BARRA-----68   1.000    0.000      0.00      0.00      0.00      0.00          0.000      0.000      0.000
  69 0 2 BARRA-----69   0.950    0.000    200.00      0.00   -999.00    999.00          0.000      0.000      0.000
  70 0 1 BARRA-----70   0.915    0.000     10.00      0.00      0.00      8.00         66.000     20.000      0.000
  71 0 0 BARRA-----71   1.000    0.000      0.00      0.00      0.00      0.00          0.000      0.000      0.000
  72 0 1 BARRA-----72   0.900    0.000    100.00   -100.00   -100.00    300.00         12.000      0.000      0.000
  73 0 1 BARRA-----73   0.900    0.000    100.00    -27.00   -100.00    300.00          6.000      0.000      0.000
  74 0 1 BARRA-----74   0.900    0.000      5.00      0.00      0.00      4.00         68.000     27.000     12.000
  75 0 0 BARRA-----75   1.000    0.000      0.00      0.00      0.00      0.00         47.000     11.000      0.000
  76 1 1 BARRA-----76   0.900    0.000      0.00      8.00      0.00      8.00         68.000     36.000      0.000
  77 0 1 BARRA-----77   0.978    0.000     30.70     38.00    -10.00     38.00         61.000     28.000      0.000
  78 0 0 BARRA-----78   1.000    0.000      0.00      0.00      0.00      0.00         71.000     26.000      0.000
  79 0 0 BARRA-----79   1.000    0.000      0.00      0.00      0.00      0.00         39.000     32.000     20.000
  80 0 1 BARRA-----80   1.021    0.000    100.00    -31.00   -100.00    300.00        130.000     26.000      0.000
  81 0 0 BARRA-----81   1.000    0.000      0.00      0.00      0.00      0.00          0.000      0.000      0.000
  82 0 0 BARRA-----82   1.000    0.000      0.00      0.00      0.00      0.00         54.000     27.000     20.000
  83 0 0 BARRA-----83   1.000    0.000      0.00      0.00      0.00      0.00         20.000     10.000     10.000
  84 0 0 BARRA-----84   1.000    0.000      0.00      0.00      0.00      0.00         11.000      7.000      0.000
  85 0 1 BARRA-----85   1.013    0.000     10.00      3.00      0.00      8.00         24.000     15.000      0.000
  86 0 0 BARRA-----86   1.000    0.000      0.00      0.00      0.00      0.00         21.000     10.000      0.000
  87 0 1 BARRA-----87   1.100    0.000    124.20     32.00   -100.00    300.00          0.000      0.000      0.000
  88 0 0 BARRA-----88   1.000    0.000      0.00      0.00      0.00      0.00         48.000     10.000      0.000
  89 0 1 BARRA-----89   1.059    0.000    400.00     -5.00   -100.00    300.00          0.000      0.000      0.000
  90 0 1 BARRA-----90   1.074    0.000    150.70     60.00      0.00      0.00        163.000     42.000      0.000
  91 0 1 BARRA-----91   1.074    0.000    125.60    -19.00   -100.00    300.00         10.000      0.000      0.000
  92 0 1 BARRA-----92   1.049    0.000     10.00      0.00      0.00      8.00         65.000     10.000      0.000
  93 0 0 BARRA-----93   1.000    0.000      0.00      0.00      0.00      0.00         12.000      7.000      0.000
  94 0 0 BARRA-----94   1.000    0.000      0.00      0.00      0.00      0.00         30.000     16.000      0.000
  95 0 0 BARRA-----95   1.000    0.000      0.00      0.00      0.00      0.00         42.000     31.000      0.000
  96 0 0 BARRA-----96   1.000    0.000      0.00      0.00      0.00      0.00         38.000     15.000      0.000
  97 0 0 BARRA-----97   1.000    0.000      0.00      0.00      0.00      0.00         15.000      9.000      0.000
  98 0 0 BARRA-----98   1.000    0.000      0.00      0.00      0.00      0.00         34.000      8.000      0.000
  99 0 1 BARRA-----99   1.071    0.000    124.90    -23.00   -100.00    300.00         42.000      0.000      0.000
 100 0 1 BARRA----100   1.100    0.000    100.00    300.00   -100.00    300.00         37.000     18.000      0.000
 101 0 0 BARRA----101   1.000    0.000      0.00      0.00      0.00      0.00         22.000     15.000      0.000
 102 0 0 BARRA----102   1.000    0.000      0.00      0.00      0.00      0.00          5.000      3.000      0.000
 103 0 1 BARRA----103   1.091    0.000     18.70     11.00     -5.00     15.00         23.000     16.000      0.000
 104 0 1 BARRA----104   1.079    0.000     20.00      5.00     -5.00     15.00         38.000     25.000      0.000
 105 0 1 BARRA----105   1.079    0.000     20.00     -5.00     -5.00     15.00         31.000     26.000     20.000
 106 0 0 BARRA----106   1.000    0.000      0.00      0.00      0.00      0.00         43.000     16.000      0.000
 107 0 1 BARRA----107   1.100    0.000    120.10      0.00   -100.00    300.00         50.000     12.000      6.000
 108 0 0 BARRA----108   1.000    0.000      0.00      0.00      0.00      0.00          2.000      1.000      0.000
 109 0 0 BARRA----109   1.000    0.000      0.00      0.00      0.00      0.00          8.000      3.000      0.000
 110 1 1 BARRA----110   1.083    0.000      0.00      0.00      0.00      1.00         39.000     30.000      6.000
 111 0 1 BARRA----111   1.100    0.000    100.00     -8.00   -100.00    300.00          0.000      0.000      0.000
 112 0 1 BARRA----112   1.100    0.000    118.10     13.00   -100.00    300.00         68.000     13.000      0.000
 113 0 1 BARRA----113   1.100    0.000    100.00      6.00   -100.00    300.00          6.000      0.000      0.000
 114 0 0 BARRA----114   1.000    0.000      0.00      0.00      0.00      0.00          8.000      3.000      0.000
 115 0 0 BARRA----115   1.000    0.000      0.00      0.00      0.00      0.00         22.000      7.000      0.000
 116 0 1 BARRA----116   1.062    0.000    250.00    115.00   -250.00    525.00        184.000      0.000      0.000
 117 0 0 BARRA----117   1.000    0.000      0.00      0.00      0.00      0.00         20.000      8.000      0.000
 118 0 0 BARRA----118   1.000    0.000      0.00      0.00      0.00      0.00         33.000     15.000      0.000
9999 
   1       2          3.030      9.990    2.540  0.000  0.000  0.000           144.000    0.000
   1       3          1.290      4.240    1.080  0.000  0.000  0.000           144.000    0.000
   2      12          1.870      6.160    1.566  0.000  0.000  0.000           144.000    0.000
   3       5          2.410     10.800    2.840  0.000  0.000  0.000           350.000    0.000
   3      12          4.840     16.000    4.060  0.000  0.000  0.000           144.000    0.000
   4       5          0.180      0.800    0.200  0.000  0.000  0.000           310.000    0.000
   4      11          2.090      6.880    1.740  0.000  0.000  0.000           144.000    0.000
   5       6          1.190      5.400    1.420  0.000  0.000  0.000           175.000    0.000
   8       5          0.000      2.670    0.000  0.937  0.900  1.100          9999.000    0.000
   5      11          2.030      6.820    1.740  0.000  0.000  0.000           144.000    0.000
   6       7          0.450      2.080    0.540  0.000  0.000  0.000           175.000    0.000
   7      12          0.860      3.400    0.860  0.000  0.000  0.000           160.000    0.000
   8       9          0.240      3.050  116.200  0.000  0.000  0.000          1550.000    0.000
   8      30          0.430      5.040   51.400  0.000  0.000  0.000           776.000    0.000
   9      10          0.260      3.220  123.000  0.000  0.000  0.000          1550.000    0.000
  11      12          0.590      1.960    0.500  0.000  0.000  0.000           144.000    0.000
  11      13          2.220      7.310    1.880  0.000  0.000  0.000           144.000    0.000
  12      14          2.150      7.070    1.820  0.000  0.000  0.000           144.000    0.000
  12      16          2.120      8.340    2.140  0.000  0.000  0.000           160.000    0.000
  12     117          3.290     14.000    3.588  0.000  0.000  0.000           160.000    0.000
  13      15          7.440     24.440    6.260  0.000  0.000  0.000           144.000    0.000
  14      15          5.950     19.500    5.020  0.000  0.000  0.000           144.000    0.000
  15      17          1.320      4.370    4.440  0.000  0.000  0.000           288.000    0.000
  15      19          1.200      3.940    1.000  0.000  0.000  0.000           144.000    0.000
  15      33          3.800     12.440    3.200  0.000  0.000  0.000           144.000    0.000
  16      17          4.540     18.010    4.660  0.000  0.000  0.000           160.000    0.000
  17      18          1.230      5.050    1.280  0.000  0.000  0.000           350.000    0.000
  30      17          0.000      3.880    0.000  0.900  0.900  1.100          9999.000    0.000
  17      31          4.740     15.630    4.000  0.000  0.000  0.000           144.000    0.000
  17     113          0.910      3.010    0.760  0.000  0.000  0.000           311.000    0.000
  18      19          1.110      4.930    1.140  0.000  0.000  0.000           292.000    0.000
  19      20          2.520     11.700    2.980  0.000  0.000  0.000           175.000    0.000
  19      34          7.520     24.700    6.320  0.000  0.000  0.000           144.000    0.000
  20      21          1.830      8.490    2.160  0.000  0.000  0.000           175.000    0.000
  21      22          2.090      9.700    2.460  0.000  0.000  0.000           175.000    0.000
  22      23          3.420     15.900    4.040  0.000  0.000  0.000           175.000    0.000
  23      24          1.350      4.920    4.980  0.000  0.000  0.000           320.000    0.000
  23      25          1.560      8.000    8.640  0.000  0.000  0.000           187.000    0.000
  23      32          3.170     11.530   11.720  0.000  0.000  0.000           288.000    0.000
  24      70         10.220     41.150   10.200  0.000  0.000  0.000           160.000    0.000
  24      72          4.880     19.600    4.880  0.000  0.000  0.000           160.000    0.000
  26      25          0.000      3.820    0.000  0.900  0.900  1.100          9999.000    0.000
  25      27          3.180     16.300   17.640  0.000  0.000  0.000           374.000    0.000
  26      30          0.790      8.600   90.800  0.000  0.000  0.000           717.000    0.000
  27      28          1.910      8.550    2.160  0.000  0.000  0.000           175.000    0.000
  27      32          2.290      7.550    1.920  0.000  0.000  0.000           144.000    0.000
  27     115          1.640      7.410    1.980  0.000  0.000  0.000           144.000    0.000
  28      29          2.370      9.430    2.380  0.000  0.000  0.000           175.000    0.000
  29      31          1.080      3.310    0.820  0.000  0.000  0.000           144.000    0.000
  30      38          0.460      5.400   42.200  0.000  0.000  0.000           717.000    0.000
  31      32          2.980      9.850    2.500  0.000  0.000  0.000           144.000    0.000
  32     113          6.150     20.300    5.180  0.000  0.000  0.000           311.000    0.000
  32     114          1.350      6.120    1.620  0.000  0.000  0.000           175.000    0.000
  33      37          4.150     14.200    3.660  0.000  0.000  0.000           144.000    0.000
  34      36          0.870      2.680    0.560  0.000  0.000  0.000           175.000    0.000
  34      37          0.260      0.940    0.980  0.000  0.000  0.000           316.000    0.000
  34      43          4.130     16.810    4.220  0.000  0.000  0.000           160.000    0.000
  35      36          0.220      1.020    0.260  0.000  0.000  0.000           160.000    0.000
  35      37          1.100      4.970    1.320  0.000  0.000  0.000           175.000    0.000
  38      37          0.000      3.750    0.000  0.900  0.900  1.100          9999.000    0.000
  37      39          3.210     10.600    2.700  0.000  0.000  0.000           144.000    0.000
  37      40          5.930     16.800    4.200  0.000  0.000  0.000           316.000    0.000
  38      65          0.900      9.860  104.600  0.000  0.000  0.000           717.000    0.000
  39      40          1.840      6.050    1.540  0.000  0.000  0.000           144.000    0.000
  40      41          1.450      4.870    1.220  0.000  0.000  0.000           144.000    0.000
  40      42          5.550     18.300    4.660  0.000  0.000  0.000           144.000    0.000
  41      42          4.100     13.500    3.440  0.000  0.000  0.000           144.000    0.000
  42      49          3.580     16.100   17.200  0.000  0.000  0.000           330.000    0.000
  43      44          6.080     24.540    6.060  0.000  0.000  0.000           160.000    0.000
  44      45          2.240      9.010    2.240  0.000  0.000  0.000           160.000    0.000
  45      46          4.000     13.560    3.320  0.000  0.000  0.000           144.000    0.000
  45      49          6.840     18.600    4.440  0.000  0.000  0.000           175.000    0.000
  46      47          3.800     12.700    3.160  0.000  0.000  0.000           144.000    0.000
  46      48          6.010     18.900    4.720  0.000  0.000  0.000           144.000    0.000
  47      49          1.910      6.250    1.600  0.000  0.000  0.000           144.000    0.000
  47      69          8.440     27.780    7.100  0.000  0.000  0.000           144.000    0.000
  48      49          1.790      5.050    1.260  0.000  0.000  0.000           144.000    0.000
  49      50          2.670      7.520    1.860  0.000  0.000  0.000           316.000    0.000
  49      51          4.860     13.700    3.420  0.000  0.000  0.000           316.000    0.000
  49      54          3.980     14.500   14.680  0.000  0.000  0.000           320.000    0.000
  49      66          0.900      4.590    4.960  0.000  0.000  0.000           932.000    0.000
  49      69          9.850     32.400    8.280  0.000  0.000  0.000           144.000    0.000
  50      57          4.740     13.400    3.320  0.000  0.000  0.000           316.000    0.000
  51      52          2.030      5.880    1.400  0.000  0.000  0.000           316.000    0.000
  51      58          2.550      7.190    1.780  0.000  0.000  0.000           316.000    0.000
  52      53          4.050     16.350    4.040  0.000  0.000  0.000           160.000    0.000
  53      54          2.630     12.200    3.100  0.000  0.000  0.000           175.000    0.000
  54      55          1.690      7.070    2.020  0.000  0.000  0.000           350.000    0.000
  54      56          0.270      0.950    0.720  0.000  0.000  0.000           260.000    0.000
  54      59          5.030     22.930    5.980  0.000  0.000  0.000           514.000    0.000
  55      56          0.480      1.510    0.380  0.000  0.000  0.000           144.000    0.000
  55      59          4.730     21.580    5.640  0.000  0.000  0.000           175.000    0.000
  56      57          3.430      9.660    2.420  0.000  0.000  0.000           316.000    0.000
  56      58          3.430      9.660    2.420  0.000  0.000  0.000           316.000    0.000
  56      59          4.070     12.000   11.040  0.000  0.000  0.000           230.000    0.000
  59      60          3.170     14.500    3.760  0.000  0.000  0.000           175.000    0.000
  59      61          3.280     15.000    3.880  0.000  0.000  0.000           175.000    0.000
  63      59          0.000      3.860    0.000  0.900  0.900  1.100          9999.000    0.000
  60      61          0.260      1.350    1.460  0.000  0.000  0.000           187.000    0.000
  60      62          1.230      5.610    1.460  0.000  0.000  0.000           175.000    0.000
  61      62          0.820      3.760    0.980  0.000  0.000  0.000           175.000    0.000
  64      61          0.000      2.680    0.000  1.100  0.900  1.100          9999.000    0.000
  62      66          4.820     21.800    5.780  0.000  0.000  0.000           175.000    0.000
  62      67          2.580     11.700    3.100  0.000  0.000  0.000           175.000    0.000
  63      64          0.170      2.000   21.600  0.000  0.000  0.000           776.000    0.000
  64      65          0.270      3.020   38.000  0.000  0.000  0.000           776.000    0.000
  65      66          0.000      3.700    0.000  0.990  0.900  1.100          9999.000    0.000
  65      68          0.140      1.600   63.800  0.000  0.000  0.000          1493.000    0.000
  66      67          2.240     10.150    2.680  0.000  0.000  0.000           175.000    0.000
  68      69          0.000      3.700    0.000  1.100  0.900  1.100          9999.000    0.000
  68      81          0.170      2.020   80.800  0.000  0.000  0.000           717.000    0.000
  68     116          0.030      0.400   16.400  0.000  0.000  0.000           776.000    0.000
  69      70          3.000     12.700   12.200  0.000  0.000  0.000           160.000    0.000
  69      75          4.050     12.200   12.400  0.000  0.000  0.000           144.000    0.000
  69      77          3.090     10.100   10.380  0.000  0.000  0.000           144.000    0.000
  70      71          0.880      3.550    0.860  0.000  0.000  0.000           160.000    0.000
  70      74          4.010     13.230    3.360  0.000  0.000  0.000           144.000    0.000
  70      75          4.280     14.100    3.600  0.000  0.000  0.000           144.000    0.000
  71      72          4.460     18.000    4.440  0.000  0.000  0.000           160.000    0.000
  71      73          0.870      4.540    1.180  0.000  0.000  0.000           187.000    0.000
  74      75          1.230      4.060    1.020  0.000  0.000  0.000           144.000    0.000
  75      77          6.010     19.990    4.980  0.000  0.000  0.000           144.000    0.000
  75     118          1.450      4.810    1.180  0.000  0.000  0.000           144.000    0.000
  76      77          4.440     14.800    3.680  0.000  0.000  0.000           144.000    0.000
  76     118          1.640      5.440    1.360  0.000  0.000  0.000           144.000    0.000
  77      78          0.370      1.240    1.260  0.000  0.000  0.000           144.000    0.000
  77      80          1.080      3.310    7.000  0.000  0.000  0.000           254.000    0.000
  77      82          2.980      8.530    8.180  0.000  0.000  0.000           127.000    0.000
  78      79          0.540      2.440    0.640  0.000  0.000  0.000           175.000    0.000
  79      80          1.560      7.040    1.860  0.000  0.000  0.000           175.000    0.000
  81      80          0.000      3.700    0.000  0.900  0.900  1.100          9999.000    0.000
  80      96          3.560     18.200    4.940  0.000  0.000  0.000           187.000    0.000
  80      97          1.830      9.340    2.540  0.000  0.000  0.000           187.000    0.000
  80      98          2.380     10.800    2.860  0.000  0.000  0.000           175.000    0.000
  80      99          4.540     20.600    5.460  0.000  0.000  0.000           175.000    0.000
  82      83          1.120      3.660    3.800  0.000  0.000  0.000           288.000    0.000
  82      96          1.620      5.300    5.440  0.000  0.000  0.000           144.000    0.000
  83      84          6.250     13.200    2.580  0.000  0.000  0.000           203.000    0.000
  83      85          4.300     14.800    3.480  0.000  0.000  0.000           144.000    0.000
  84      85          3.020      6.410    1.220  0.000  0.000  0.000           187.000    0.000
  85      86          3.500     12.300    2.760  0.000  0.000  0.000           144.000    0.000
  85      88          2.000     10.200    2.760  0.000  0.000  0.000           187.000    0.000
  85      89          2.390     17.300    4.700  0.000  0.000  0.000           187.000    0.000
  86      87          2.820     20.740    4.440  0.000  0.000  0.000           201.000    0.000
  88      89          1.390      7.120    1.920  0.000  0.000  0.000           187.000    0.000
  89      90          1.630      6.520   15.880  0.000  0.000  0.000           748.000    0.000
  89      92          0.790      3.800    9.620  0.000  0.000  0.000           374.000    0.000
  90      91          2.540      8.360    2.140  0.000  0.000  0.000           144.000    0.000
  91      92          3.870     12.720    3.260  0.000  0.000  0.000           144.000    0.000
  92      93          2.580      8.480    2.180  0.000  0.000  0.000           144.000    0.000
  92      94          4.810     15.800    4.060  0.000  0.000  0.000           144.000    0.000
  92     100          6.480     29.500    7.720  0.000  0.000  0.000           175.000    0.000
  92     102          1.230      5.590    1.460  0.000  0.000  0.000           175.000    0.000
  93      94          2.230      7.320    1.880  0.000  0.000  0.000           144.000    0.000
  94      95          1.320      4.340    1.100  0.000  0.000  0.000           144.000    0.000
  94      96          2.690      8.690    2.300  0.000  0.000  0.000           144.000    0.000
  94     100          1.780      5.800    6.040  0.000  0.000  0.000           288.000    0.000
  95      96          1.710      5.470    1.480  0.000  0.000  0.000           144.000    0.000
  96      97          1.730      8.850    2.400  0.000  0.000  0.000           187.000    0.000
  98     100          3.970     17.900    4.760  0.000  0.000  0.000           175.000    0.000
  99     100          1.800      8.130    2.160  0.000  0.000  0.000           175.000    0.000
 100     101          2.770     12.620    3.280  0.000  0.000  0.000           175.000    0.000
 100     103          1.600      5.250    5.360  0.000  0.000  0.000           144.000    0.000
 100     104          4.510     20.400    5.400  0.000  0.000  0.000           175.000    0.000
 100     106          6.050     22.900    6.200  0.000  0.000  0.000           175.000    0.000
 101     102          2.460     11.200    2.940  0.000  0.000  0.000           175.000    0.000
 103     104          4.660     15.840    4.060  0.000  0.000  0.000           144.000    0.000
 103     105          5.350     16.250    4.080  0.000  0.000  0.000           144.000    0.000
 103     110          3.910     18.130    4.600  0.000  0.000  0.000           175.000    0.000
 104     105          0.990      3.780    0.980  0.000  0.000  0.000           144.000    0.000
 105     106          1.400      5.470    1.440  0.000  0.000  0.000           144.000    0.000
 105     107          5.300     18.300    4.720  0.000  0.000  0.000           144.000    0.000
 105     108          2.610      7.030    1.840  0.000  0.000  0.000           127.000    0.000
 106     107          5.300     18.300    4.720  0.000  0.000  0.000           144.000    0.000
 108     109          1.050      2.880    0.760  0.000  0.000  0.000           127.000    0.000
 109     110          2.780      7.620    2.020  0.000  0.000  0.000           127.000    0.000
 110     111          2.200      7.550    2.000  0.000  0.000  0.000           144.000    0.000
 110     112          2.470      6.400    6.200  0.000  0.000  0.000           127.000    0.000
 114     115          0.230      1.040    0.280  0.000  0.000  0.000           175.000    0.000
9999 
   1   126  0000  0000  0000  0000  0000  0000  0000  0000  0000  
   1   143  0000  0000  0000  0000  0000  0000  0000  0000  0000
   1   145  0000  0000  0000  0000  0000  0000  0000  0000  0000
   1   157  0000  0000  0000  0000  0000  0000  0000  0000  0000
   1   137  0000  0000  0000  0000  0000  0000  0000  0000  0000
   1   139  0000  0000  0000  0000  0000  0000  0000  0000  0000
   1   111  0000  0000  0000  0000  0000  0000  0000  0000  0000
   1   131  0000  0000  0000  0000  0000  0000  0000  0000  0000
   1   108  0000  0000  0000  0000  0000  0000  0000  0000  0000
   1   119  0000  0000  0000  0000  0000  0000  0000  0000  0000
   1    38  0000  0000  0000  0000  0000  0000  0000  0000  0000
   1   138  0000  0000  0000  0000  0000  0000  0000  0000  0000
   1   159  0000  0000  0000  0000  0000  0000  0000  0000  0000
   1   132  0000  0000  0000  0000  0000  0000  0000  0000  0000
   1    37  0000  0000  0000  0000  0000  0000  0000  0000  0000
   1   127  0000  0000  0000  0000  0000  0000  0000  0000  0000
   1   133  0000  0000  0000  0000  0000  0000  0000  0000  0000
   1   134  0000  0000  0000  0000  0000  0000  0000  0000  0000
   1   116  0000  0000  0000  0000  0000  0000  0000  0000  0000
   1    40  0000  0000  0000  0000  0000  0000  0000  0000  0000
   1    41  0000  0000  0000  0000  0000  0000  0000  0000  0000
   1    50  0000  0000  0000  0000  0000  0000  0000  0000  0000
   1   161  0000  0000  0000  0000  0000  0000  0000  0000  0000
   1   130  0000  0000  0000  0000  0000  0000  0000  0000  0000
   1   153  0000  0000  0000  0000  0000  0000  0000  0000  0000
   1    30  0000  0000  0000  0000  0000  0000  0000  0000  0000 
   1    36  0000  0000  0000  0000  0000  0000  0000  0000  0000
   1   166  0000  0000  0000  0000  0000  0000  0000  0000  0000
   1    35  0000  0000  0000  0000  0000  0000  0000  0000  0000
   1   150  0000  0000  0000  0000  0000  0000  0000  0000  0000
   1   152  0000  0000  0000  0000  0000  0000  0000  0000  0000
   1    39  0000  0000  0000  0000  0000  0000  0000  0000  0000
   1   151  0000  0000  0000  0000  0000  0000  0000  0000  0000
   1   154  0000  0000  0000  0000  0000  0000  0000  0000  0000
   1    34  0000  0000  0000  0000  0000  0000  0000  0000  0000
   1   149  0000  0000  0000  0000  0000  0000  0000  0000  0000
   1   110  0000  0000  0000  0000  0000  0000  0000  0000  0000
   1   162  0000  0000  0000  0000  0000  0000  0000  0000  0000
   1    29  0000  0000  0000  0000  0000  0000  0000  0000  0000
   1    32  0000  0000  0000  0000  0000  0000  0000  0000  0000
   1   129  0000  0000  0000  0000  0000  0000  0000  0000  0000
   1    57  0000  0000  0000  0000  0000  0000  0000  0000  0000
   1    52  0000  0000  0000  0000  0000  0000  0000  0000  0000
   1    23  0000  0000  0000  0000  0000  0000  0000  0000  0000
   1   114  0000  0000  0000  0000  0000  0000  0000  0000  0000
   1    25  0000  0000  0000  0000  0000  0000  0000  0000  0000
   1    65  0000  0000  0000  0000  0000  0000  0000  0000  0000
   1   123  0000  0000  0000  0000  0000  0000  0000  0000  0000
   1    33  0000  0000  0000  0000  0000  0000  0000  0000  0000
   1   113  0000  0000  0000  0000  0000  0000  0000  0000  0000
   1   128  0000  0000  0000  0000  0000  0000  0000  0000  0000
   1   125  0000  0000  0000  0000  0000  0000  0000  0000  0000
   1    62  0000  0000  0000  0000  0000  0000  0000  0000  0000
   1    19  0000  0000  0000  0000  0000  0000  0000  0000  0000
   1    31  0000  0000  0000  0000  0000  0000  0000  0000  0000
   1    95  0000  0000  0000  0000  0000  0000  0000  0000  0000
   1    24  0000  0000  0000  0000  0000  0000  0000  0000  0000
   1    66  0000  0000  0000  0000  0000  0000  0000  0000  0000
   1    99  0000  0000  0000  0000  0000  0000  0000  0000  0000
   1    21  0000  0000  0000  0000  0000  0000  0000  0000  0000
   1    92  0000  0000  0000  0000  0000  0000  0000  0000  0000
   1    97  0000  0000  0000  0000  0000  0000  0000  0000  0000 
   1    22  0000  0000  0000  0000  0000  0000  0000  0000  0000
   1    90  0000  0000  0000  0000  0000  0000  0000  0000  0000
   1     3  0000  0000  0000  0000  0000  0000  0000  0000  0000
   1    96  0000  0000  0000  0000  0000  0000  0000  0000  0000
   1    74  0000  0000  0000  0000  0000  0000  0000  0000  0000
   1    55  0000  0000  0000  0000  0000  0000  0000  0000  0000
   1   102  0000  0000  0000  0000  0000  0000  0000  0000  0000
   1   101  0000  0000  0000  0000  0000  0000  0000  0000  0000
   1    87  0000  0000  0000  0000  0000  0000  0000  0000  0000
   1     1  0000  0000  0000  0000  0000  0000  0000  0000  0000
   1     5  0000  0000  0000  0000  0000  0000  0000  0000  0000
   1    18  0000  0000  0000  0000  0000  0000  0000  0000  0000
   1    94  0000  0000  0000  0000  0000  0000  0000  0000  0000
   1   100  0000  0000  0000  0000  0000  0000  0000  0000  0000
   1    58  0000  0000  0000  0000  0000  0000  0000  0000  0000
   1   163  0000  0000  0000  0000  0000  0000  0000  0000  0000
   1   164  0000  0000  0000  0000  0000  0000  0000  0000  0000
   1   165  0000  0000  0000  0000  0000  0000  0000  0000  0000
   1   167  0000  0000  0000  0000  0000  0000  0000  0000  0000
   1   168  0000  0000  0000  0000  0000  0000  0000  0000  0000
   1   169  0000  0000  0000  0000  0000  0000  0000  0000  0000
   1   170  0000  0000  0000  0000  0000  0000  0000  0000  0000
   1    44  0000  0000  0000  0000  0000  0000  0000  0000  0000
   1   155  0000  0000  0000  0000  0000  0000  0000  0000  0000
   1   160  0000  0000  0000  0000  0000  0000  0000  0000  0000
   1   140  0000  0000  0000  0000  0000  0000  0000  0000  0000
   1   158  0000  0000  0000  0000  0000  0000  0000  0000  0000
   1    81  0000  0000  0000  0000  0000  0000  0000  0000  0000
   1    45  0000  0000  0000  0000  0000  0000  0000  0000  0000
   1    43  0000  0000  0000  0000  0000  0000  0000  0000  0000
   1    69  0000  0000  0000  0000  0000  0000  0000  0000  0000
   1    45  0000  0000  0000  0000  0000  0000  0000  0000  0000
   1    43  0000  0000  0000  0000  0000  0000  0000  0000  0000
   1    69  0000  0000  0000  0000  0000  0000  0000  0000  0000
   1    61  0000  0000  0000  0000  0000  0000  0000  0000  0000
   1   106  0000  0000  0000  0000  0000  0000  0000  0000  0000
   1   107  0000  0000  0000  0000  0000  0000  0000  0000  0000
   1    51  0000  0000  0000  0000  0000  0000  0000  0000  0000
   1    27  0000  0000  0000  0000  0000  0000  0000  0000  0000
   1   121  0000  0000  0000  0000  0000  0000  0000  0000  0000
   1    26  0000  0000  0000  0000  0000  0000  0000  0000  0000
   1    73  0000  0000  0000  0000  0000  0000  0000  0000  0000
   1    48  0000  0000  0000  0000  0000  0000  0000  0000  0000
   1    68  0000  0000  0000  0000  0000  0000  0000  0000  0000
   1    98  0000  0000  0000  0000  0000  0000  0000  0000  0000
   1   105  0000  0000  0000  0000  0000  0000  0000  0000  0000
   1    60  0000  0000  0000  0000  0000  0000  0000  0000  0000
   1   171  0000  0000  0000  0000  0000  0000  0000  0000  0000
   1   172  0000  0000  0000  0000  0000  0000  0000  0000  0000
   1   174  0000  0000  0000  0000  0000  0000  0000  0000  0000
   1   176  0000  0000  0000  0000  0000  0000  0000  0000  0000
   1   173  0000  0000  0000  0000  0000  0000  0000  0000  0000
   1   175  0000  0000  0000  0000  0000  0000  0000  0000  0000
   1    88  0000  0000  0000  0000  0000  0000  0000  0000  0000
   1   104  0000  0000  0000  0000  0000  0000  0000  0000  0000
   1     6  0000  0000  0000  0000  0000  0000  0000  0000  0000
   1    91  0000  0000  0000  0000  0000  0000  0000  0000  0000
   1    86  0000  0000  0000  0000  0000  0000  0000  0000  0000
   1    53  0000  0000  0000  0000  0000  0000  0000  0000  0000
   1    77  0000  0000  0000  0000  0000  0000  0000  0000  0000
   1   103  0000  0000  0000  0000  0000  0000  0000  0000  0000
   1    89  0000  0000  0000  0000  0000  0000  0000  0000  0000
   1    85  0000  0000  0000  0000  0000  0000  0000  0000  0000
   1    84  0000  0000  0000  0000  0000  0000  0000  0000  0000
   1   109  0000  0000  0000  0000  0000  0000  0000  0000  0000
   1    59  0000  0000  0000  0000  0000  0000  0000  0000  0000
   1    12  0000  0000  0000  0000  0000  0000  0000  0000  0000
   1    93  0000  0000  0000  0000  0000  0000  0000  0000  0000
   1     2  0000  0000  0000  0000  0000  0000  0000  0000  0000
   1   179  0000  0000  0000  0000  0000  0000  0000  0000  0000
   1   136  0000  0000  0000  0000  0000  0000  0000  0000  0000
   1   147  0000  0000  0000  0000  0000  0000  0000  0000  0000
   1   156  0000  0000  0000  0000  0000  0000  0000  0000  0000
   1   135  0000  0000  0000  0000  0000  0000  0000  0000  0000
   1    17  0000  0000  0000  0000  0000  0000  0000  0000  0000
   1    83  0000  0000  0000  0000  0000  0000  0000  0000  0000
   1    11  0000  0000  0000  0000  0000  0000  0000  0000  0000
   1    78  0000  0000  0000  0000  0000  0000  0000  0000  0000
   1     7  0000  0000  0000  0000  0000  0000  0000  0000  0000
   1    16  0000  0000  0000  0000  0000  0000  0000  0000  0000
   1    10  0000  0000  0000  0000  0000  0000  0000  0000  0000
   1    79  0000  0000  0000  0000  0000  0000  0000  0000  0000
   1     4  0000  0000  0000  0000  0000  0000  0000  0000  0000
   1    47  0000  0000  0000  0000  0000  0000  0000  0000  0000
   1    80  0000  0000  0000  0000  0000  0000  0000  0000  0000
   1     8  0000  0000  0000  0000  0000  0000  0000  0000  0000
   1    46  0000  0000  0000  0000  0000  0000  0000  0000  0000
   1    54  0000  0000  0000  0000  0000  0000  0000  0000  0000
   1    49  0000  0000  0000  0000  0000  0000  0000  0000  0000
   1    14  0000  0000  0000  0000  0000  0000  0000  0000  0000
   1    67  0000  0000  0000  0000  0000  0000  0000  0000  0000
   1    56  0000  0000  0000  0000  0000  0000  0000  0000  0000
   1    75  0000  0000  0000  0000  0000  0000  0000  0000  0000
   1    72  0000  0000  0000  0000  0000  0000  0000  0000  0000
   1    64  0000  0000  0000  0000  0000  0000  0000  0000  0000
   1   146  0000  0000  0000  0000  0000  0000  0000  0000  0000
   1   122  0000  0000  0000  0000  0000  0000  0000  0000  0000
   1    70  0000  0000  0000  0000  0000  0000  0000  0000  0000
   1    71  0000  0000  0000  0000  0000  0000  0000  0000  0000
   1   124  0000  0000  0000  0000  0000  0000  0000  0000  0000
   1   148  0000  0000  0000  0000  0000  0000  0000  0000  0000
   1     9  0000  0000  0000  0000  0000  0000  0000  0000  0000
   1   118  0000  0000  0000  0000  0000  0000  0000  0000  0000
   1   117  0000  0000  0000  0000  0000  0000  0000  0000  0000
   1    82  0000  0000  0000  0000  0000  0000  0000  0000  0000
   1    28  0000  0000  0000  0000  0000  0000  0000  0000  0000
   1    76  0000  0000  0000  0000  0000  0000  0000  0000  0000
   1    44  0000  0000  0000  0000  0000  0000  0000  0000  0000
   1   155  0000  0000  0000  0000  0000  0000  0000  0000  0000
   1   160  0000  0000  0000  0000  0000  0000  0000  0000  0000
   1   140  0000  0000  0000  0000  0000  0000  0000  0000  0000
   1   158  0000  0000  0000  0000  0000  0000  0000  0000  0000
   1    63  0000  0000  0000  0000  0000  0000  0000  0000  0000
   1    42  0000  0000  0000  0000  0000  0000  0000  0000  0000
   1   115  0000  0000  0000  0000  0000  0000  0000  0000  0000
   1   142  0000  0000  0000  0000  0000  0000  0000  0000  0000
9999
