


                        POTENCIAS E MISMATCHES EM BARRAS DO TIPO PQ
-------------------------------------------------------------------------------------------
 BARRAMENTO    PG       PC      PCAL   MISMATCH      QG         QC        QCAL     MISMATCH
-------------------------------------------------------------------------------------------
  EXT. INT.   [MW]     [MW]     [MW]     [MW]      [MVAr]     [MVAr]     [MVAr]     [MVAr]
-------------------------------------------------------------------------------------------
   3    3       .000    2.400   -2.400     .000      .000      1.200     -1.200       .000
   4    4       .000    7.600   -7.600     .000      .000      1.600     -1.600       .000
   6    6       .000     .000    -.001     .001      .000       .000       .000       .000
   7    7       .000   22.800  -22.800     .000      .000     10.900    -10.900       .000
   9    9       .000     .000     .000     .000      .000       .000      -.001       .001
  10   10       .000    5.800   -5.800     .000      .000      2.000     -2.000       .000
  12   12       .000   11.200  -11.200     .000      .000      7.500     -7.500       .000
  14   14       .000    6.200   -6.200     .000      .000      1.600     -1.600       .000
  15   15       .000    8.200   -8.200     .000      .000      2.500     -2.500       .000
  16   16       .000    3.500   -3.500     .000      .000      1.800     -1.800       .000
  17   17       .000    9.000   -9.000     .000      .000      5.800     -5.800       .000
  18   18       .000    3.200   -3.200     .000      .000       .900      -.900       .000
  19   19       .000    9.500   -9.500     .000      .000      3.400     -3.400       .000
  20   20       .000    2.200   -2.200     .000      .000       .700      -.700       .000
  21   21       .000   17.500  -17.500     .000      .000     11.200    -11.200       .000
  22   22       .000     .000     .000     .000      .000       .000       .000       .000
  23   23       .000    3.200   -3.200     .000      .000      1.600     -1.600       .000
  24   24       .000    8.700   -8.700     .000      .000      6.700     -6.700       .000
  25   25       .000     .000     .000     .000      .000       .000       .000       .000
  26   26       .000    3.500   -3.500     .000      .000      2.300     -2.300       .000
  27   27       .000     .000     .000     .000      .000       .000       .000       .000
  28   28       .000     .000     .000     .000      .000       .000       .000       .000
  29   29       .000    2.400   -2.400     .000      .000       .900      -.900       .000
  30   30       .000   10.600  -10.600     .000      .000      1.900     -1.900       .000
-------------------------------------------------------------------------------------------
                .000  137.500                        .000     64.500
-------------------------------------------------------------------------------------------



                  POTENCIAS E MISMATCHES EM BARRAS DO TIPO PV
---------------------------------------------------------------------------------
 BARRAMENTO    PG       PC      PCAL   MISMATCH      QG         QC        QCAL 
---------------------------------------------------------------------------------
  EXT. INT.   [MW]     [MW]     [MW]     [MW]      [MVAr]     [MVAr]     [MVAr]
---------------------------------------------------------------------------------
   2    2     40.000   21.700   18.300     .000    46.680     12.700     33.980
   5    5       .000   94.200  -94.200     .000    35.178     19.000     16.178
   8    8       .000   30.000  -30.000     .000    28.391     30.000     -1.609
  11   11       .000     .000     .000     .000    24.043       .000     24.043
  13   13       .000     .000     .000     .000    22.514       .000     22.514
---------------------------------------------------------------------------------
              40.000  145.900                     156.806     61.700
---------------------------------------------------------------------------------



              POTENCIAS CALCULADAS EM BARRAS DO TIPO SLACK
------------------------------------------------------------------------
 BARRAMENTO    PG       PC      PCAL        QG         QC        QCAL 
------------------------------------------------------------------------
  EXT. INT.   [MW]     [MW]     [MW]      [MVAr]     [MVAr]     [MVAr]
------------------------------------------------------------------------
   1    1    261.031     .000  261.031   -19.016       .000    -19.016
------------------------------------------------------------------------
             261.031     .000            -19.016       .000
------------------------------------------------------------------------
