


                            E S T A D O  AC  D O   S I S T E M A 
-----------------+------------------+-----------------------------------+------------------
   BARRAMENTO    |      TENSAO      |               GERACAO             |      CARGA
-----------------+------------------+-----------------------------------+------------------
 No. EXTE. TIPO  | MODULO   ANGULO  |  ATIVA   REATIVA   LI        LS   |  ATIVA  REATIVA
                 |  [pu]   [graus]  |   [MW]   [MVAr]  [MVAr]    [MVAr] |   [MW]  [MVAr]
-----------------+------------------+-----------------------------------+------------------
     1      SL     1.0600    .000    261.03   -19.02    -9.00     9.00      .00      .00
     2      PV     1.0432  -5.494     40.00    46.68   -40.00    50.00    21.70    12.70
     3      PQ     1.0244  -8.042       .00      .00      .00      .00     2.40     1.20
     4      PQ     1.0164  -9.705       .00      .00      .00      .00     7.60     1.60
     5      PV     1.0100 -14.362       .00    35.18   -40.00    40.00    94.20    19.00
     6      PQ     1.0134 -11.398       .00      .00      .00      .00      .00      .00
     7      PQ     1.0042 -13.141       .00      .00      .00      .00    22.80    10.90
     8      PV     1.0100 -12.094       .00    28.39   -10.00    40.00    30.00    30.00
     9      PQ     1.0300 -14.613       .00      .00      .00      .00      .00      .00
    10      PQ     1.0230 -16.273       .00      .00      .00      .00     5.80     2.00
    11      PV     1.0764 -14.613       .00    24.04    -6.00    24.00      .00      .00
    12      PQ     1.0416 -15.657       .00      .00      .00      .00    11.20     7.50
    13      PV     1.0710 -15.657       .00    22.51    -6.00    24.00      .00      .00
    14      PQ     1.0256 -16.565       .00      .00      .00      .00     6.20     1.60
    15      PQ     1.0202 -16.629       .00      .00      .00      .00     8.20     2.50
    16      PQ     1.0264 -16.196       .00      .00      .00      .00     3.50     1.80
    17      PQ     1.0186 -16.464       .00      .00      .00      .00     9.00     5.80
    18      PQ     1.0088 -17.224       .00      .00      .00      .00     3.20      .90
    19      PQ     1.0052 -17.380       .00      .00      .00      .00     9.50     3.40
    20      PQ     1.0089 -17.162       .00      .00      .00      .00     2.20      .70
    21      PQ     1.0105 -16.737       .00      .00      .00      .00    17.50    11.20
    22      PQ     1.0111 -16.723       .00      .00      .00      .00      .00      .00
    23      PQ     1.0078 -16.992       .00      .00      .00      .00     3.20     1.60
    24      PQ      .9998 -17.120       .00      .00      .00      .00     8.70     6.70
    25      PQ      .9944 -16.632       .00      .00      .00      .00      .00      .00
    26      PQ      .9763 -17.072       .00      .00      .00      .00     3.50     2.30
    27      PQ      .9999 -16.060       .00      .00      .00      .00      .00      .00
    28      PQ     1.0093 -12.011       .00      .00      .00      .00      .00      .00
    29      PQ      .9795 -17.349       .00      .00      .00      .00     2.40      .90
    30      PQ      .9677 -18.276       .00      .00      .00      .00    10.60     1.90
-----------------+------------------+-----------------------------------+------------------
CARGA ATIVA TOTAL DO SISTEMA [MW]:     283.400 No.ITERACOES ATIVAS:  22 REATIVAS  24
-------------------------------------------------------------------------------------------
       No. BARRAS:  30      No. GERADORES:   6      No. RAMOS:  41
-------------------------------------------------------------------------------------------
