   1 1 2 GLENLYN132kV   1.060    0.000      0.000     0.000    -9.000     9.000         0.000      0.000      0.000
   2 1 1 CLAYTOR132kV   1.045    0.000     40.000     0.000   -40.000    50.000        21.700     12.700      0.000
   3 0 0 KUMIS--132kV   1.000    0.000      0.000     0.000     0.000     0.000         2.400      1.200      0.000
   4 0 0 HANCOCK132kV   1.000    0.000      0.000     0.000     0.000     0.000         7.600      1.600      0.000
   5 1 1 FIELDALE132k   1.010    0.000      0.000     0.000   -40.000    40.000        94.200     19.000      0.000
   6 0 0 ROANOKE132kV   1.000    0.000      0.000     0.000     0.000     0.000         0.000      0.000      0.000
   7 0 0 BLAINE-132kV   1.000    0.000      0.000     0.000     0.000     0.000        22.800     10.900      0.000
   8 1 1 REUSENS132kV   1.010    0.000      0.000     0.000   -10.000    40.000        30.000     30.000      0.000
   9 0 0 ROANOKE132kV   1.000    0.000      0.000     0.000     0.000     0.000         0.000      0.000      0.000
  10 0 0 ROANOKE-33kV   1.000    0.000      0.000     0.000     0.000     0.000         5.800      2.000     19.000
  11 1 1 ROANOKECOMP3   1.082    0.000      0.000     0.000    -6.000    24.000         0.000      0.000      0.000
  12 0 0 HANCOCK033kV   1.000    0.000      0.000     0.000     0.000     0.000        11.200      7.500      0.000
  13 1 1 HANCOCKCOMP3   1.071    0.000      0.000     0.000    -6.000    24.000         0.000      0.000      0.000
  14 0 0 BARRA14-33kV   1.000    0.000      0.000     0.000     0.000     0.000         6.200      1.600      0.000
  15 0 0 BARRA15-33kV   1.000    0.000      0.000     0.000     0.000     0.000         8.200      2.500      0.000
  16 0 0 BARRA16-33kV   1.000    0.000      0.000     0.000     0.000     0.000         3.500      1.800      0.000
  17 0 0 BARRA17-33KV   1.000    0.000      0.000     0.000     0.000     0.000         9.000      5.800      0.000
  18 0 0 BARRA18-33kV   1.000    0.000      0.000     0.000     0.000     0.000         3.200      0.900      0.000
  19 0 0 BARRA19-33kV   1.000    0.000      0.000     0.000     0.000     0.000         9.500      3.400      0.000
  20 0 0 BARRA20-33kV   1.000    0.000      0.000     0.000     0.000     0.000         2.200      0.700      0.000
  21 0 0 BARRA21-33kV   1.000    0.000      0.000     0.000     0.000     0.000        17.500     11.200      0.000
  22 0 0 BARRA22-33KV   1.000    0.000      0.000     0.000     0.000     0.000         0.000      0.000      0.000
  23 0 0 BARRA23-33kV   1.000    0.000      0.000     0.000     0.000     0.000         3.200      1.600      0.000
  24 0 0 CLOVERDALE33   1.000    0.000      0.000     0.000     0.000     0.000         8.700      6.700      4.300
  25 0 0 CLOVERDALE33   1.000    0.000      0.000     0.000     0.000     0.000         0.000      0.000      0.000
  26 0 0 CLOVERDAL132   1.000    0.000      0.000     0.000     0.000     0.000         3.500      2.300      0.000
  27 0 0 CLOVERDALE33   1.000    0.000      0.000     0.000     0.000     0.000         0.000      0.000      0.000
  28 0 0 CLOVERDAL132   1.000    0.000      0.000     0.000     0.000     0.000         0.000      0.000      0.000
  29 0 0 CLOVERDALE33   1.000    0.000      0.000     0.000     0.000     0.000         2.400      0.900      0.000
  30 0 0 CLOVERDALE33   1.000    0.000      0.000     0.000     0.000     0.000        10.600      1.900      0.000
9999
   1       2          1.920      5.750    5.280  0.000  0.000  0.000           130.00   130.00 
   1       3          4.520     18.520    4.080  0.000  0.000  0.000           130.00   130.00
   2       4          5.700     17.370    3.680  0.000  0.000  0.000            65.00    65.00
   3       4          1.320      3.790    0.840  0.000  0.000  0.000           130.00   130.00
   2       5          4.720     19.830    4.180  0.000  0.000  0.000           130.00   130.00
   2       6          5.810     17.630    3.740  0.000  0.000  0.000            65.00    65.00
   4       6          1.190      4.140    0.900  0.000  0.000  0.000            90.00    90.00
   5       7          4.600     11.600    2.040  0.000  0.000  0.000            70.00    70.00
   6       7          2.670      8.200    1.700  0.000  0.000  0.000           130.00   130.00
   6       8          1.200      4.200    0.900  0.000  0.000  0.000            32.00    32.00
   6       9          0.000     20.800    0.000  0.978  0.900  1.100            65.00    65.00
   6      10          0.000     55.600    0.000  0.969  0.900  1.100            32.00    32.00
   9      11          0.000     20.800    0.000  0.000  0.000  0.000            65.00    65.00
   9      10          0.000     11.000    0.000  0.000  0.000  0.000            65.00    65.00
   4      12          0.000     25.600    0.000  0.932  0.900  1.100            65.00    65.00
  12      13          0.000     14.000    0.000  0.000  0.000  0.000            65.00    65.00
  12      14         12.310     25.590    0.000  0.000  0.000  0.000            32.00    32.00
  12      15          6.620     13.040    0.000  0.000  0.000  0.000            32.00    32.00
  12      16          9.450     19.870    0.000  0.000  0.000  0.000            32.00    32.00
  14      15         22.100     19.970    0.000  0.000  0.000  0.000            16.00    16.00
  16      17          8.240     19.230    0.000  0.000  0.000  0.000            16.00    16.00
  15      18         10.730     21.850    0.000  0.000  0.000  0.000            16.00    16.00
  18      19          6.390     12.920    0.000  0.000  0.000  0.000            16.00    16.00
  19      20          3.400      6.800    0.000  0.000  0.000  0.000            32.00    32.00
  10      20          9.360     20.900    0.000  0.000  0.000  0.000            32.00    32.00
  10      17          3.240      8.450    0.000  0.000  0.000  0.000            32.00    32.00
  10      21          3.480      7.490    0.000  0.000  0.000  0.000            32.00    32.00
  10      22          7.270     14.990    0.000  0.000  0.000  0.000            32.00    32.00
  21      22          1.160      2.360    0.000  0.000  0.000  0.000            32.00    32.00
  15      23         10.000     20.200    0.000  0.000  0.000  0.000            16.00    16.00
  22      24         11.500     17.900    0.000  0.000  0.000  0.000            16.00    16.00
  23      24         13.200     27.000    0.000  0.000  0.000  0.000            16.00    16.00
  24      25         18.850     32.920    0.000  0.000  0.000  0.000            16.00    16.00
  25      26         25.440     38.000    0.000  0.000  0.000  0.000            16.00    16.00
  25      27         10.930     20.870    0.000  0.000  0.000  0.000            16.00    16.00
  28      27          0.000     39.600    0.000  0.968  0.900  1.100            65.00    65.00
  27      29         21.980     41.530    0.000  0.000  0.000  0.000            16.00    16.00
  27      30         32.020     60.270    0.000  0.000  0.000  0.000            16.00    16.00
  29      30         23.990     45.330    0.000  0.000  0.000  0.000            16.00    16.00
   8      28          6.360     20.000    4.280  0.000  0.000  0.000            32.00    32.00
   6      28          1.690      5.990    1.300  0.000  0.000  0.000            32.00    32.00
9999

Observacao:
Este Banco de Dados no formato PECO confere o banco do sistema IEEE30
extraido da referencia: "AEP 30 BUS TEST SYSTEM - LOAD FLOW SOLUTION".
Conferido pelo Baleeiro em 28-08-2006
As colunas (Cn) e (Ce) sao hipoteticas - ou seja, nao constam da referencia
citada.

Formato alterado para que seja executado nos programas em C - 
introduzidos espacos brancos entre colunas de dados