


                                   F L U X O   AC   D O   S I S T E M A 
  -------------------------------------------+--------------------------------------------+-------------------
    BARRAS                FLUXOS             |   BARRAS                FLUXOS             |       PERDAS      
  -------------------------------------------+--------------------------------------------+-------------------
  INI.  FIM    P(MW)      Q(MVAr)    S(MVA)  | INI.  FI   M   P(MW)     Q(MVAr)    S(MVA) |   P(MW)    Q(MVAr)
  -------------------------------------------+--------------------------------------------+-------------------
    1     2   177.601    -22.487    179.019  |   2     1   -172.146    32.984    175.278  |   5.455    10.497
    1     3    83.430      3.471     83.502  |   3     1    -80.616     3.623     80.698  |   2.813     7.095
    2     4    45.725       .744     45.731  |   4     2    -44.626    -1.298     44.645  |   1.099     -.554
    3     4    78.216     -4.823     78.365  |   4     3    -77.444     6.165     77.689  |    .772     1.342
    2     5    82.883      1.821     82.903  |   5     2    -79.897     6.321     80.146  |   2.987     8.141
    2     6    61.838     -1.569     61.858  |   6     2    -59.796     3.809     59.918  |   2.042     2.240
    4     6    70.182    -12.092     71.216  |   6     4    -69.599    13.193     70.838  |    .583     1.101
    5     7   -14.303      9.857     17.371  |   7     5     14.449   -11.559     18.504  |    .146    -1.701
    6     7    37.617     -1.259     37.638  |   7     6    -37.249      .659     37.255  |    .368     -.600
    6     8    29.536      -.613     29.542  |   8     6    -29.434      .049     29.434  |    .102     -.564
    6     9    27.745    -14.065     31.106  |   9     6    -27.745    16.082     32.068  |    .000     2.016
    6    10    15.761     -2.048     15.893  |  10     6    -15.761     3.430     16.129  |    .000     1.382
    9    11      .000    -23.005     23.005  |  11     9       .000    24.043     24.043  |    .000     1.038
    9    10    27.744      6.923     28.595  |  10     9    -27.744    -6.075     28.402  |    .000      .848
    4    12    44.288      5.625     44.644  |  12     4    -44.288     -.994     44.299  |    .000     4.631
   12    13      .000    -21.895     21.895  |  13    12       .000    22.514     22.514  |    .000      .619
   12    14     7.932      2.736      8.391  |  14    12     -7.852    -2.570      8.262  |    .080      .166
   12    15    17.936      8.119     19.688  |  15    12    -17.700    -7.653     19.283  |    .237      .466
   12    16     7.220      4.534      8.526  |  16    12     -7.157    -4.401      8.402  |    .063      .133
   14    15     1.652       .970      1.916  |  15    14     -1.645     -.963      1.906  |    .008      .007
   16    17     3.657      2.601      4.487  |  17    16     -3.641    -2.564      4.453  |    .016      .037
   15    18     6.059      2.363      6.503  |  18    15     -6.015    -2.274      6.431  |    .044      .089
   18    19     2.815      1.374      3.132  |  19    18     -2.809    -1.361      3.121  |    .006      .012
   19    20    -6.691     -2.039      6.995  |  20    19      6.707     2.071      7.020  |    .016      .033
   10    20     8.988      2.950      9.459  |  20    10     -8.907    -2.771      9.329  |    .080      .179
   10    17     5.371      3.268      6.287  |  17    10     -5.359    -3.236      6.260  |    .012      .032
   10    21    15.752      9.831     18.568  |  21    10    -15.637    -9.584     18.340  |    .115      .247
   10    22     7.594      4.481      8.818  |  22    10     -7.540    -4.370      8.715  |    .054      .111
   21    22    -1.863     -1.616      2.466  |  22    21      1.864     1.617      2.467  |    .001      .001
   15    23     5.086      3.754      6.321  |  23    15     -5.047    -3.676      6.244  |    .038      .078
   22    24     5.677      2.753      6.309  |  24    22     -5.632    -2.683      6.238  |    .045      .070
   23    24     1.847      2.076      2.779  |  24    23     -1.837    -2.056      2.757  |    .010      .021
   24    25    -1.231      2.337      2.641  |  25    24      1.244    -2.314      2.627  |    .013      .023
   25    26     3.547      2.370      4.266  |  26    25     -3.500    -2.300      4.188  |    .047      .070
   25    27    -4.791      -.056      4.791  |  27    25      4.816      .105      4.817  |    .025      .048
   28    27    18.113      4.811     18.741  |  27    28    -18.113    -3.464     18.441  |    .000     1.347
   27    29     6.196      1.681      6.420  |  29    27     -6.106    -1.510      6.290  |    .091      .171
   27    30     7.100      1.678      7.296  |  30    27     -6.930    -1.357      7.061  |    .170      .321
   29    30     3.706       .610      3.755  |  30    29     -3.670     -.543      3.710  |    .035      .067
    8    28     -.566     -1.658      1.752  |  28     8       .566    -2.704      2.763  |    .000    -4.362
    6    28    18.737       .983     18.763  |  28     6    -18.679    -2.107     18.797  |    .058    -1.123
  -------------------------------------------+--------------------------------------------+-------------------
       No. BARRAS:  30      No. GERADORES:   6      No. RAMOS:  41           PERDAS TOTAIS:    17.63     35.77
  ------------------------------------------------------------------------------------------------------------



     T A P S   D O S  T R A N S F O R M A D O R E S 
 --------------+----------------------------------------
    BARRAS     |               TAPS               
 --------------+----------------------------------------
  INI.   FIM   |VAL.INIC.  LIM.INF.  LIM.SUP.  VAL.FINAL
 --------------+----------------------------------------
   6     9        .978       .900     1.100     1.014
   6    10        .969       .900     1.100     1.005
   4    12        .932       .900     1.100      .968
  28    27        .968       .900     1.100      .993
 --------------+----------------------------------------
